1.523542
1.470540
1.521543
1.518163
1.533020
1.509476
1.565239
0.788393
0.762380
0.765051
0.792871
0.748125
0.765704
0.750745
0.533371
0.542076
0.514672
0.524024
0.520650
0.507472
0.504065
0.410789
0.384202
0.386589
0.403507
0.388665
0.397172
0.387657
0.314555
0.306442
0.312658
0.324194
0.334632
0.317872
0.315917
0.302131
0.263406
0.269837
0.290729
0.265033
0.260902
0.269161
0.409723
0.417078
0.410420
0.403813
0.408688
0.401702
0.403965
0.374969
0.361059
0.359994
0.360152
0.362396
0.371011
0.363264
