3.592709
3.579947
3.561807
3.598933
3.572120
3.584171
3.613748
1.812951
1.822950
1.809361
1.794299
1.845001
1.849236
1.696633
1.034349
1.025710
1.008354
1.011797
1.020055
1.016766
1.012158
0.778285
0.805209
0.799715
0.789308
0.807888
0.793928
0.788097
0.634273
0.643279
0.648110
0.635911
0.633910
0.639155
0.641181
0.527113
0.523587
0.523875
0.523001
0.524088
0.523288
0.529276
0.456211
0.457405
0.464773
0.458778
0.458624
0.468764
0.463855
0.413904
0.398311
0.402423
0.396023
0.403217
0.400422
0.408734
