2.309939
2.307753
2.306589
2.309213
2.386457
2.029469
2.322547
1.396386
1.334035
1.385119
1.350630
1.355217
1.358268
1.359953
1.055352
1.027896
1.053570
1.026927
1.023777
1.033908
1.034485
0.856937
0.868065
0.872466
0.857034
0.832113
0.750792
0.741561
0.680710
0.697699
0.677692
0.685048
0.686866
0.684728
0.702152
0.658146
0.629226
0.626088
0.631780
0.626979
0.630256
0.615601
0.625136
0.609455
0.608102
0.620717
0.597323
0.605855
0.616433
0.599050
0.602965
0.587222
0.597681
0.595121
0.625435
0.583952
